Elevation: 
[2.00029993 2.00020003 2.00020003 2.0000999  2.00020003 2.00020003
 2.         2.0000999  2.0000999  2.0000999  2.0000999  2.0000999
 2.0000999  2.0000999  2.0000999  2.0000999  2.0000999  2.0000999
 2.0000999  2.0000999  2.0000999  2.0000999  2.0000999  2.0000999
 2.0000999  2.0000999  2.0000999  2.0000999  2.0000999  2.0000999
 2.0000999  2.0000999  2.0000999  2.0000999  2.0000999  2.0000999
 2.0000999  2.0000999  2.0000999  2.0000999  2.0000999  2.0000999
 2.0000999  2.0000999  2.0000999  2.0000999  2.0000999  2.0000999
 2.0000999  2.0000999  2.0000999  2.0000999  2.0000999  2.0000999
 2.0000999  2.0000999  2.0000999  2.0000999  2.0000999  2.0000999
 2.0000999  2.0000999  2.0000999  2.0000999  2.0000999  2.0000999
 2.0000999  2.0000999  2.0000999  2.0000999  2.0000999  2.0000999
 2.0000999  2.0000999  2.0000999  2.0000999  2.0000999  2.0000999
 2.0000999  2.0000999  2.0000999  2.0000999  2.0000999  2.0000999
 2.0000999  2.0000999  2.0000999  2.0000999  2.0000999  2.0000999
 2.0000999  2.0000999  2.0000999  2.0000999  2.0000999  2.0000999
 2.0000999  2.0000999  2.0000999  2.0000999  2.0000999  2.0000999
 2.0000999  2.0000999  2.0000999  2.0000999  2.0000999  2.0000999
 2.0000999  2.0000999  2.0000999  2.0000999  2.0000999  2.0000999
 2.0000999  2.0000999  2.0000999  2.0000999  2.0000999  2.0000999
 2.0000999  2.0000999  2.0000999  2.0000999  2.0000999  2.0000999
 2.0000999  2.0000999  2.0000999  2.0000999  2.0000999  2.0000999
 2.0000999  2.0000999  2.0000999  2.0000999  2.0000999  2.0000999
 2.0000999  2.0000999  2.0000999  2.0000999  2.0000999  2.0000999
 2.0000999  2.0000999  2.0000999  2.0000999  2.0000999  2.0000999
 2.0000999  2.0000999  2.0000999  2.0000999  2.0000999  2.0000999
 2.0000999  2.0000999  2.0000999  2.0000999  2.0000999  2.0000999
 2.0000999  2.0000999  2.0000999  2.0000999  2.0000999  2.0000999
 2.0000999  2.0000999  2.0000999  2.0000999  2.0000999  2.0000999
 2.0000999  2.0000999  2.0000999  2.0000999  2.0000999  2.0000999
 2.0000999  2.0000999  2.0000999  2.0000999  2.0000999  2.0000999
 2.0000999  2.0000999  2.0000999  2.0000999  2.0000999  2.0000999
 2.0000999  2.0000999  2.0000999  2.0000999  2.0000999  2.0000999
 2.0000999  2.0000999  2.0000999  2.0000999  2.0000999  2.0000999
 2.0000999  2.0000999  2.0000999  2.0000999  2.0000999  2.0000999
 2.0000999  2.0000999  2.0000999  2.0000999  2.0000999  2.0000999
 2.0000999  2.0000999  2.0000999  2.0000999  2.0000999  2.0000999
 2.0000999  2.0000999  2.0000999  2.0000999  2.0000999  2.0000999
 2.0000999  2.0000999  2.0000999  2.0000999  2.0000999  2.0000999
 2.0000999  2.0000999  2.0000999  2.0000999  2.0000999  2.0000999
 2.0000999  2.0000999  2.0000999  2.0000999  2.0000999  2.0000999
 2.0000999  2.0000999  2.0000999  2.0000999  2.0000999  2.0000999
 2.0000999  2.0000999  2.0000999  2.0000999  2.0000999  2.0000999
 2.0000999  2.0000999  2.0000999  2.0000999  2.0000999  2.0000999
 2.0000999  2.0000999  2.0000999  2.0000999  2.0000999  2.0000999
 2.0000999  2.0000999  2.0000999  2.0000999  2.0000999  2.0000999
 2.0000999  2.0000999  2.0000999  2.0000999  2.0000999  2.0000999
 2.0000999  2.0000999  2.0000999  2.0000999  2.0000999  2.0000999
 2.0000999  2.0000999  2.0000999  2.0000999  2.0000999  2.0000999
 2.0000999  2.0000999  2.0000999  2.0000999  2.0000999  2.0000999
 2.0000999  2.0000999  2.0000999  2.0000999  2.0000999  2.0000999
 2.0000999  2.0000999  2.0000999  2.0000999  2.0000999  2.0000999
 2.0000999  2.0000999  2.0000999  2.0000999  2.0000999  2.0000999
 2.0000999  2.0000999  2.0000999  2.0000999  2.0000999  2.0000999
 2.0000999  2.0000999  2.0000999  2.0000999  2.0000999  2.0000999
 2.0000999  2.0000999  2.0000999  2.0000999  2.0000999  2.0000999
 2.0000999  2.0000999  2.0000999  2.0000999  2.0000999  2.0000999
 2.0000999  2.0000999  2.0000999  2.0000999  2.0000999  2.0000999
 2.0000999  2.0000999  2.0000999  2.0000999  2.0000999  2.0000999
 2.0000999  2.0000999  2.0000999  2.0000999  2.0000999  2.0000999
 2.0000999  2.0000999  2.0000999  2.0000999  2.0000999  2.0000999
 2.0000999  2.0000999  2.0000999  2.0000999  2.0000999  2.0000999
 2.0000999  2.0000999  2.0000999  2.0000999  2.0000999  2.0000999
 2.0000999  2.0000999  2.0000999  2.0000999  2.0000999  2.0000999
 2.0000999  2.0000999  2.0000999  2.0000999  2.0000999  2.0000999
 2.0000999  2.0000999  2.0000999  2.0000999  2.0000999  2.0000999
 2.0000999  2.0000999  2.0000999  2.0000999  2.0000999  2.0000999
 2.0000999  2.0000999  2.0000999  2.0000999  2.0000999  2.0000999
 2.0000999  2.0000999  2.0000999  2.0000999  2.00460005 2.16079998
 2.16079998 2.31890011 2.78130007 2.78130007 3.08349991 3.36529994
 3.36529994 3.59310007 3.77519989 3.77519989 3.89919996 3.97819996
 3.97819996 4.00169992 4.00139999 4.00139999 4.00110006 4.00110006
 4.00089979 4.0007     4.0007     4.00059986 4.00040007 4.00029993]

